21.034369937627876 105.80529661047518
21.035125470094265 105.80578795377603
21.03601850247831 105.806429818467
21.036809726547187 105.80690773594803
21.03761082513549 105.80713304153204
21.035013911589846 105.80597060812454
21.034058728236065 105.80569355805324
21.03450836646023 105.80597425605033
21.03472787439171 105.80610322540034
21.034876573129296 105.80618288294006
21.035048586973172 105.80631622237564
21.036529144828688 105.80730334265496
21.03767433523614 105.80774541290546
21.03378353246831 105.80608438056717
21.034183615813838 105.80631361127699
21.036344325334674 105.80760915785157
21.03767079463627 105.80809622085205
21.034140 105.806447
21.035278397856406 105.80725030776398
21.035226566438155 105.80733262754629
21.035453612223023 105.80738265932789
21.035533994858355 105.80743369455807
21.037344081258144 105.80812267020656
21.033553824726713 105.80646800736484
21.033844339215126 105.80667550966949
21.034071697984853 105.80693263209045
21.03443378716114 105.80707247060012
21.03458956944299 105.80711757979678
21.034783244485187 105.80727095106543
21.03513366654086 105.80742120019308
21.033882 105.807148
21.034678583269113 105.80755709573172
21.03508420536612 105.80758869164835
21.035884163235377 105.80825179690382
21.033572694362125 105.80751200607855
21.034622041017432 105.80769056711773
21.032949318254758 105.80751594394347
21.033398959826826 105.80764112007732
21.033558281318143 105.80769043188761
21.033660955077846 105.80794078415526
21.03450035636049 105.80810337186242
21.034464630502274 105.80824371874537
21.03518510032048 105.80837768622456
21.032660463523605 105.80844785966603
21.033464302994613 105.80850527429997
21.03344048559115 105.80863924177915
21.033841706867513 105.80881257203306
21.033997489768417 105.80887572490839
21.03409011736203 105.80865017892508
21.034490099491318 105.80861409156773
21.034367999797293 105.80877648467572
21.03429221372998 105.80893436686404
21.034486411141902 105.80908792092936
21.034600042459093 105.80896791631665
21.034716920311176 105.80886008609676
21.0348824970883 105.80866181760622
21.035129238610853 105.80855050897995
21.035298061522422 105.8085783361365
21.035590254571144 105.80865833921163
21.03544611771669 105.80888847753555
21.03519709157423 105.80963098495282
21.035085126196236 105.80983987979722
21.03444808020291 105.80922767312448
21.03429557484891 105.80942829490576
21.034027051071668 105.80951112864241
21.033877706462555 105.80945895272387
21.033991338243972 105.8092745978116
21.0341601624449 105.80906589413733
21.03393289905293 105.80895806390564
21.03376407459448 105.80916328918532
21.033679662293526 105.80924677065504
21.033569594458193 105.80940726870755
21.03325546395785 105.80933964261351
21.033334636416836 105.80899742117903
21.032600241992927 105.80875172373888
21.032507418648237 105.80910564505147
21.032384555078764 105.80957846509666
21.032939732237356 105.8097210792741
21.03301765167303 105.80927584476899
21.033472180902343 105.80987065024064
21.033738404521337 105.80996108849949
21.033903982385905 105.81000282923435
21.034191026932362 105.81009806782409
21.034453016841372 105.81015548245803
21.03487384241909 105.8103527296992
21.035110422150904 105.81042878971842
21.035250616309195 105.81045561180724
21.035459200456604 105.81048122123798
21.035644453768736 105.81050828675596
21.035934964192407 105.81053986320603
21.036155298982905 105.81056135672515
21.036936453723822 105.81052783691067
21.03729194143971 105.81050101482187
21.037827944333436 105.81052218375918
21.037820863584813 105.81037804154447
21.037792540586942 105.80992285560323
21.03682174676245 105.80975313135482
21.0367979298957 105.80956493894358
21.036809838329543 105.80911519097774
21.03201329096242 105.81079437204247
21.033074949498186 105.81120060003404
21.03317754635083 105.81091863001637
21.033266760947864 105.81058408931742
21.03355224729944 105.81066055576288
21.033650383106473 105.81028300268835
21.033828811680912 105.81034991082815
21.0341024446762 105.8104306520637
21.034241316126057 105.8111879458923
21.03394425288787 105.81111406165897
21.033747978637717 105.81069917327183
21.033636579623955 105.81102312721796
21.03357292300728 105.81138686498203
21.03412991748114 105.8115630504615
21.034496763362977 105.8116582357381
21.03456367372335 105.8114670696244
21.034617201990006 105.8112615660522
21.034701955039548 105.81096047942313
21.034737640519676 105.81075019669805
21.035040966755606 105.81101305010438
21.035226116135284 105.81100448363023
21.035414431458 105.81103574234432
21.036111212155028 105.81104211065595
21.036054 105.811381
21.03598390100904 105.81188325423534
21.035978596375596 105.81203670610458
21.03591820707021 105.81274885022448
21.035913053447082 105.81306358183278
21.03586924764326 105.8135218752273
21.03568114022162 105.81349426719149
21.03568887066828 105.81316020995813
21.03570175474517 105.81298627933249
21.035737830154506 105.81274885022448
21.035490961565106 105.81273031916817
21.035365284920573 105.8126931743708
21.035785651212443 105.81203617576752
21.035111764470155 105.81265835112329
21.0350661663162 105.81310959540687
21.035459886831436 105.81294860030025
21.035418716899237 105.81314361048636
21.03558556339618 105.81317379063422
21.035550894009585 105.81348023521244
21.035362379078858 105.81346630591344
21.035230201801255 105.81347327056294
21.03503735277604 105.81344773351475
21.035267038103516 105.8131320027372
21.034610414102822 105.81258241086243
21.034468290477246 105.8118171551523
21.034388118115828 105.81206313020199
21.034358964519157 105.81216464371455
21.034273277235915 105.81254062167064
21.03391422934417 105.81392517085867
21.03311682246679 105.81366051417749
21.03240066902478 105.81341766174978
21.031999164697183 105.81329141990363
21.03159829581597 105.81235827646118
21.03176548044077 105.81181464647047
21.034364206639296 105.81402765809135
21.034844935768927 105.8141509060776
21.03513533832506 105.81424746559732
21.035716141739176 105.81439766929465