21.03376046500956 105.80608874559405
21.034231120578305 105.80632746219636
21.034569090415335 105.80655276775362
21.03481192752864 105.80616921186449
21.035119854433052 105.8057937026024
21.03571567866858 105.8062255382538
21.03600858298638 105.806445479393
21.03676462394849 105.8069095015526
21.03759 105.80713
21.03761 105.80805
21.03683 105.80817
21.03636156947599 105.80760687589647
21.035477849952738 105.80740571022035
21.03515740645102 105.8074513077736
21.03476686500144 105.80727696418764
21.034078408030112 105.80693364143373
21.033840576700715 105.80677539110185
21.03346755627209 105.8065152168274
21.03299189128362 105.80627381801607
21.03274154067977 105.80615311861041
21.03249369316763 105.80698460340503
21.03275 105.80706
21.032966856242165 105.80712407827379
21.032906772125504 105.80758273601533
21.03338243738571 105.80769002437593
21.033652814856726 105.80774366855623
21.033650311363882 105.80790728330614
21.034438909531854 105.80810576677324
21.03511 105.80834
21.036228886709203 105.80798238515855
21.03555796072049 105.80865293741228
21.03664 105.80852
21.03695 105.80899
21.03777 105.80994
21.03672 105.80952
21.03670 105.80957
21.03619 105.80955
21.035425277238 105.80890238285065
21.03524753125554 105.80860465765001
21.035094819749133 105.80860733985902
21.03471429203581 105.80889970064166
21.03442388865336 105.80819696187974
21.03403 105.80869
21.03417 105.80878
21.03434 105.80883
21.034929590729842 105.80919474363328
21.03487201087703 105.80939322710039
21.03454 105.80930
21.03436 105.80914
21.03419 105.80901
21.03408 105.80897
21.03398 105.80891
21.033379933888313 105.80849200487138
21.032663931907162 105.80842494964601
21.032703988052916 105.80780535936357
21.032300922595393 105.80774098634721
21.032521231800448 105.80852687358856
21.032583819583383 105.8087441325188
21.03331734643977 105.80897748470308
21.03203 105.80897
21.032486182630524 105.80911964178088
21.033036954347644 105.80929934978487
21.033212199467055 105.80935031175615
21.033537654142016 105.80944687128068
21.03377298246415 105.80915182828905
21.034048366198917 105.80925643444061
21.033840576700715 105.80950856208803
21.03422 105.80945
21.03448 105.80956
21.03439 105.80985
21.03498 105.81003
21.03573 105.81009
21.03771 105.81048
21.03718 105.81048
21.03605 105.81062
21.03558 105.81047
21.03538 105.81048
21.03516 105.81048
21.03482 105.81037
21.03439 105.81012
21.03414 105.81004
21.03372 105.81002
21.03384 105.80974
21.03355 105.80967
21.03352 105.80988
21.03300 105.80974
21.03237 105.80957
21.03220 105.81022
21.03282415642554 105.81040173768999
21.03324224146683 105.81053853034975
21.03360 105.81031
21.03363 105.81069
21.03376 105.81039
21.03403 105.81042
21.03392 105.81105
21.03415 105.81118
21.03429 105.81054
21.03508 105.81128
21.03525 105.81126
21.03558 105.81076
21.03606 105.81078
21.03603 105.81111
21.03721 105.81096
21.03769 105.81090
21.03769 105.81119
21.03742 105.81122
21.03781 105.81181
21.03660 105.81150
21.03601 105.81136
21.03596 105.81195
21.03568 105.81202
21.03550 105.81198
21.03584 105.81280
21.03563 105.81278
21.03540 105.81269
21.03503 105.81271
21.03506 105.81250
21.03485 105.81243
21.03488 105.81214
21.03474 105.81215
21.03438 105.81207
21.03445 105.81176
21.03408 105.81149
21.03348 105.81132
21.03360 105.81095
21.03317 105.81086
21.03308 105.81121
21.03202303211083 105.81085771322253
21.03176266578117 105.81181257963182
21.03275906523573 105.81212103366853
21.03242109129307 105.81342995166779
21.03344 105.81275
21.03322 105.81370
21.03391 105.81387
21.03429 105.81404
21.03448 105.81343
21.03495 105.81341
21.03505 105.81308
21.03533 105.81349
21.03537 105.81306
21.03564 105.81306
21.03563 105.81348
21.03586 105.81311
21.03581 105.81356
21.03617 105.81313
21.03741 105.81312
21.03742 105.81335
21.03786 105.81312
21.03759 105.81408
21.03695 105.81390
21.03635 105.81384
21.03718 105.81487
21.03625 105.81462
21.03571 105.81444
21.03425 105.81258
21.03457 105.81264
21.03220829249146 105.80808699131013
21.032263369857485 105.80825060606004
21.03255377745085 105.80776244401933
21.033707891688813 105.80664932727815
21.034010813901418 105.80665469169617
21.033955737181298 105.80662786960603
21.03408842197248 105.80654472112657
21.033998296466827 105.8064749836922
21.03420858922858 105.80636769533159
21.03448397215825 105.80671370029451
21.03437131556672 105.80663591623308
21.03525754511934 105.80647230148317
21.03407340105867 105.80568373203279
21.034473958242444 105.80594390630725
21.034336266831982 105.80622285604478
21.033963247644333 105.80717772245409
21.03375045104514 105.80709993839265
21.035102330154754 105.80762565135957
21.035297600567823 105.80772221088411
21.035265055516767 105.80806016921997
21.035242524323387 105.8073788881302
21.03536769757676 105.80709457397462
21.03552040880347 105.80693632364274
21.03562555414726 105.80683439970018
21.035763244366194 105.80664932727815
21.035765747823543 105.80698728561401
21.035903437912914 105.80709993839265
21.035660602578695 105.80751568078998
21.03557798840568 105.8077383041382
21.035623050687555 105.80778658390047
21.03581581696167 105.80755591392519
21.035880906816082 105.80734938383105
21.03598855535906 105.80755591392519
21.035572981484645 105.80648839473724
21.034969646266493 105.80609947443011
21.03623639705764 105.80813795328142
21.035900934457878 105.80822378396991
21.035720685584845 105.808242559433
21.035885913726787 105.80811113119127
21.03556797456342 105.80821305513385
21.035530422648936 105.80837935209277
21.036206355661594 105.80836594104768
21.036038624422318 105.80848395824434
21.035645581823367 105.80901503562929
21.03565309220123 105.80934494733812
21.03517242725556 105.8089452981949
21.035064778122894 105.8090874552727
21.034969646266493 105.80925375223163
21.035084805874394 105.80935299396516
21.034781885845355 105.80965071916583
21.034669229479096 105.80746471881868
21.03452653129288 105.80789923667909
21.034519020858237 105.80796897411348
21.034491482594657 105.80803334712984
21.034694264234503 105.80819696187974
21.0347042781355 105.80816477537157
21.03483195531412 105.8081701397896
21.03489704559838 105.80821305513385
21.034937101143782 105.80828547477724
21.03412096728059 105.80805212259294
21.033870618573804 105.80797970294954
21.034213596195478 105.80778121948244
21.03380302435085 105.80845177173616
21.03352764016261 105.8077195286751
21.033705388196896 105.80708652734758
21.03329982194948 105.8084759116173
21.033605248485344 105.8084946870804
21.0336578218423 105.80624163150789
21.033865611595367 105.8063891530037
21.033154618950565 105.8069658279419
21.033357402409866 105.80862879753114
21.033414982848015 105.80865293741228
21.03388313601913 105.8088192343712
21.033923191837122 105.8086395263672
21.032906772125504 105.8097204566002
21.033414982848015 105.80986797809602