1 165
2 3
3 4
5 6
6 7
7 8
8 12
8 9
9 10
10 11
10 34
11 32
12 30
14 15
15 16
16 17
17 160
18 160
18 19
19 20
18 226
226 24
19 22
20 21
21 22
21 56
22 23
22 159
24 25
26 27
28 42
29 40
31 38
32 33
33 36
34 35
34 73
35 36
35 74
36 37
37 72
38 71
39 40
40 41
41 49
41 45
43 44
43 52
44 45
44 51
45 50
45 49
47 48
48 49
48 69
49 50
49 68
50 51
50 66
51 52
51 66
52 65
54 58
24 54
55 159
56 159
55 57
56 157
157 158
158 57
57 58
57 61
57 60
58 61
58 60
58 59
59 63
60 61
61 62
61 87
62 63
63 64
64 65
64 67
64 84
65 66
66 67
67 68
67 83
68 69
69 70
70 71
70 80
71 78
71 79
71 72
72 76
73 104
73 74
74 75
75 76
75 101
76 77
76 100
77 78
77 99
78 98
78 79
79 80
79 122
80 81
81 82
81 94
82 85
82 91
82 83
83 84
84 85
85 91
90 232
86 89
87 88
88 89
88 128
89 90
90 92
90 91
90 126
91 93
91 92
92 93
92 125
93 94
94 95
94 97
95 96
95 125
96 123
96 97
98 99
100 101
101 102
102 103
102 109
103 104
103 106
104 105
105 106
105 107
107 148
108 109
109 110
110 111
110 113
111 114
111 112
112 115
113 114
113 143
114 115
114 141
115 140
115 116
116 156
116 117
116 138
117 118
118 119
118 120
119 120
119 122
120 121
121 122
121 155
122 123
123 124
124 127
126 127
127 128
128 129
129 130
130 132
130 131
131 133
132 133
133 134
134 135
134 155
135 136
135 154
136 137
136 156
137 138
137 139
138 140
139 140
139 142
140 141
141 142
142 144
143 144
143 145
144 145
145 146
146 147
146 148
147 150
148 149
149 150
149 152
150 151
151 153
152 153
153 154
155 156
161 162
17 162
161 163
163 164
165 2
165 163
166 3
166 167
168 4
169 1
169 170
170 4
170 171
16 172
172 173
174 14
174 175
175 176
14 177
177 178
178 179
13 177
180 181
181 7
180 182
182 13
182 183
13 184
184 185
185 186
187 184
187 188
187 189
189 12
6 190
5 191
30 192
192 193
193 194
193 195
194 196
196 197
197 29
192 198
31 199
198 199
38 200
200 201
31 39
39 202
202 203
203 46
46 204
204 205
204 47
47 206
41 46
15 207
207 208
208 209
209 210
210 28
42 211
211 212
212 213
213 214
214 215
215 29
28 216
216 217
217 27
216 218
217 219
220 25
220 221
220 26
25 222
27 223
53 222
53 223
1 224
18 224
224 225
54 227
227 228
53 227
228 229
228 59
229 230
231 87
231 62
231 86
86 232
85 232